AIR,AIR,WATER,WATER
AirQuality,AirPollution,WaterQuality,WaterPollution
11.11111111111111,83.33333333333333,88.88888888888889,16.66666666666667
100.0,0.0,0.0,100.0
50.0,50.0,50.0,50.0
43.75,31.25,56.25,68.75
18.42105263157895,81.06060606060606,81.57894736842105,18.939393939393938
0.0,75.0,100.0,25.0
100.0,62.5,0.0,37.5
37.5,62.5,62.5,37.5
0.0,25.0,100.0,75.0
0.0,81.25,100.0,18.75
100.0,0.0,0.0,100.0
75.0,25.0,25.0,75.0
75.0,33.333333333333336,25.0,66.66666666666666
56.1056105610561,82.72569444444444,43.8943894389439,17.274305555555557
66.66666666666666,75.0,33.33333333333334,25.0
39.74358974358975,60.29411764705882,60.25641025641025,39.70588235294118
25.0,50.0,75.0,50.0
100.0,25.0,0.0,75.0
58.333333333333336,50.0,41.666666666666664,50.0
62.5,0.0,37.5,100.0
33.333333333333336,58.333333333333336,66.66666666666666,41.666666666666664
41.66666666666667,56.25,58.33333333333333,43.75
50.0,62.5,50.0,37.5
75.0,100.0,25.0,0.0
100.0,0.0,0.0,100.0
50.0,50.0,50.0,50.0
75.0,75.0,25.0,25.0
50.0,35.714285714285715,50.0,64.28571428571428
50.0,100.0,50.0,0.0
0.0,100.0,100.0,0.0
100.0,0.0,0.0,100.0
68.75,37.5,31.25,62.5
37.5,25.0,62.5,75.0
50.0,25.0,50.0,75.0
15.000000000000002,81.25,85.0,18.75
54.264705882352935,54.84375,45.735294117647065,45.15625
63.412183055040195,45.740568954854666,36.587816944959805,54.259431045145334
85.71428571428572,58.333333333333336,14.285714285714278,41.666666666666664
35.0,58.333333333333336,65.0,41.666666666666664
75.0,75.0,25.0,25.0
100.0,50.0,0.0,50.0
65.625,53.57142857142857,34.375,46.42857142857143
100.0,75.0,0.0,25.0
75.0,50.0,25.0,50.0
91.66666666666666,58.333333333333336,8.333333333333343,41.666666666666664
60.0,50.0,40.0,50.0
75.0,50.0,25.0,50.0
35.714285714285715,78.57142857142857,64.28571428571428,21.42857142857143
75.0,25.0,25.0,75.0
41.810344827586206,35.0,58.189655172413794,65.0
0.0,50.0,100.0,50.0
25.0,50.0,75.0,50.0
75.88996763754045,28.54785478547855,24.11003236245955,71.45214521452145
90.74675324675326,17.80821917808219,9.253246753246742,82.1917808219178
86.06313131313132,23.603854722275774,13.936868686868678,76.39614527772423
75.14204545454547,27.52403846153846,24.857954545454533,72.47596153846155
79.87039291726792,39.316845518312746,20.12960708273208,60.683154481687254
60.90248599439776,16.56798245614035,39.09751400560224,83.43201754385964
85.81349206349205,23.68421052631579,14.186507936507951,76.3157894736842
76.55209633791094,47.26292809387365,23.44790366208906,52.73707190612635
82.6302306307493,32.98022598870057,17.369769369250704,67.01977401129943
82.7054794520548,10.144927536231885,17.294520547945197,89.85507246376811
87.5,50.0,12.5,50.0
85.61507936507935,25.972222222222218,14.384920634920647,74.02777777777779
81.25,50.0,18.75,50.0
77.56410256410255,46.2962962962963,22.435897435897445,53.7037037037037
71.66666666666667,39.23076923076923,28.33333333333333,60.76923076923077
87.5,39.453125,12.5,60.546875
88.65808823529412,34.6875,11.341911764705884,65.3125
92.77777777777777,16.666666666666668,7.2222222222222285,83.33333333333333
29.89690721649485,69.0217391304348,70.10309278350515,30.978260869565204
40.27777777777778,46.7741935483871,59.72222222222222,53.2258064516129
25.0,87.5,75.0,12.5
32.69230769230769,53.125,67.3076923076923,46.875
20.0,50.0,80.0,50.0
25.0,50.0,75.0,50.0
10.60907643312102,86.00171232876713,89.39092356687898,13.998287671232873
45.83333333333333,39.285714285714285,54.16666666666667,60.714285714285715
73.61111111111111,52.5,26.388888888888886,47.5
25.0,62.5,75.0,37.5
50.0,53.333333333333336,50.0,46.666666666666664
100.0,50.0,0.0,50.0
90.0,15.000000000000002,10.0,85.0
75.0,75.0,25.0,25.0
60.922330097087375,41.40625,39.077669902912625,58.59375
31.25,55.00000000000001,68.75,44.99999999999999
44.73684210526316,53.57142857142857,55.26315789473684,46.42857142857143
62.5,12.5,37.5,87.5
53.125,50.0,46.875,50.0
35.810810810810814,44.761904761904766,64.1891891891892,55.238095238095234
64.27458900226758,47.14790988859312,35.725410997732425,52.85209011140688
75.76784326784326,52.06959706959707,24.23215673215674,47.93040293040293
50.0,77.77777777777779,50.0,22.222222222222214
81.25,64.58333333333333,18.75,35.41666666666667
100.0,75.0,0.0,25.0
25.0,100.0,75.0,0.0
75.0,50.0,25.0,50.0
44.642857142857146,60.0,55.357142857142854,40.0
75.0,50.0,25.0,50.0
26.38888888888889,68.75,73.61111111111111,31.25
38.970588235294116,89.77272727272728,61.029411764705884,10.22727272727272
25.0,87.5,75.0,12.5
51.934974747474755,33.927083333333336,48.065025252525245,66.07291666666666
69.11764705882354,49.21875,30.882352941176464,50.78125
64.80263157894737,56.25,35.19736842105263,43.75
31.25,46.42857142857143,68.75,53.57142857142857
56.833333333333336,71.27192982456141,43.166666666666664,28.72807017543859
66.66666666666666,56.94444444444444,33.33333333333334,43.05555555555556
48.23717948717949,67.91666666666667,51.76282051282051,32.08333333333333
76.53061224489797,38.04347826086957,23.469387755102034,61.95652173913043
68.75,39.58333333333333,31.25,60.41666666666667
50.0,100.0,50.0,0.0
25.0,37.5,75.0,62.5
83.75,66.07142857142857,16.25,33.92857142857143
61.595982142857146,47.25585149313963,38.404017857142854,52.74414850686037
81.25,93.75,18.75,6.25
86.11111111111111,43.75,13.888888888888886,56.25
80.59599156118144,33.405797101449274,19.404008438818565,66.59420289855072
65.41666666666666,63.10483870967742,34.58333333333334,36.89516129032258
87.5,75.0,12.5,25.0
80.68181818181819,59.09090909090909,19.318181818181813,40.90909090909091
72.71610169491525,62.175925925925924,27.283898305084747,37.824074074074076
59.080327181208055,62.82243618450515,40.919672818791945,37.17756381549485
50.0,50.0,50.0,50.0
91.66666666666669,58.333333333333336,8.333333333333314,41.666666666666664
72.5916453537937,54.3691389599318,27.408354646206305,45.6308610400682
55.55517716306077,42.625249418677726,44.44482283693923,57.374750581322274
12.5,100.0,87.5,0.0
82.95454545454545,48.86363636363637,17.045454545454547,51.13636363636363
73.75,12.5,26.25,87.5
46.42857142857143,46.73913043478261,53.57142857142857,53.26086956521739
37.5,100.0,62.5,0.0
18.75,37.5,81.25,62.5
40.0,50.0,60.0,50.0
62.5,50.0,37.5,50.0
37.5,50.0,62.5,50.0
20.0,50.0,80.0,50.0
25.0,50.0,75.0,50.0
25.0,0.0,75.0,100.0
17.857142857142854,100.0,82.14285714285714,0.0
28.205128205128204,18.14516129032258,71.7948717948718,81.85483870967742
21.42857142857143,50.0,78.57142857142857,50.0
28.57142857142857,75.0,71.42857142857143,25.0
100.0,50.0,0.0,50.0
53.57142857142857,8.333333333333332,46.42857142857143,91.66666666666667
100.0,50.0,0.0,50.0
23.621323529411764,40.943396226415096,76.37867647058823,59.056603773584904
50.0,50.0,50.0,50.0
61.11111111111112,4.999999999999999,38.88888888888888,95.0
40.10416666666667,48.888888888888886,59.89583333333333,51.111111111111114
62.5,31.25,37.5,68.75
35.714285714285715,75.0,64.28571428571428,25.0
55.00000000000001,37.5,44.99999999999999,62.5
50.0,75.0,50.0,25.0
0.0,100.0,100.0,0.0
26.06382978723404,70.83333333333334,73.93617021276596,29.166666666666657
66.66666666666666,50.0,33.33333333333334,50.0
100.0,50.0,0.0,50.0
62.5,50.0,37.5,50.0
60.0,95.0,40.0,5.0
25.0,86.36363636363636,75.0,13.63636363636364
14.0625,88.63636363636364,85.9375,11.36363636363636
40.0,79.16666666666667,60.0,20.83333333333333
15.000000000000002,92.85714285714286,85.0,7.142857142857139
75.0,50.0,25.0,50.0
0.0,50.0,100.0,50.0
76.01851851851852,26.15621030665941,23.98148148148148,73.8437896933406
87.77172711189739,24.691653375863904,12.228272888102609,75.30834662413609
84.23110462983544,33.07917864322663,15.768895370164557,66.92082135677336
70.32786885245902,33.161764705882355,29.67213114754098,66.83823529411765
85.83333333333333,26.19485294117647,14.166666666666671,73.80514705882354
92.1875,17.708333333333332,7.8125,82.29166666666667
93.75,48.4375,6.25,51.5625
93.26241134751773,22.708333333333332,6.737588652482273,77.29166666666667
50.0,50.0,50.0,50.0
78.8163946520498,35.912567321833485,21.183605347950206,64.08743267816652
98.75,10.0,1.25,90.0
91.24327096601533,38.8406507797393,8.75672903398467,61.1593492202607
84.92706992706992,23.877128136200714,15.072930072930077,76.12287186379929
92.5,12.5,7.5,87.5
0.0,100.0,100.0,0.0
41.66666666666667,41.66666666666667,58.33333333333333,58.33333333333333
62.5,37.5,37.5,62.5
100.0,0.0,0.0,100.0
25.625,78.125,74.375,21.875
18.75,37.5,81.25,62.5
75.0,50.0,25.0,50.0
50.0,50.0,50.0,50.0
0.0,25.0,100.0,75.0
40.32051282051282,36.66666666666667,59.67948717948718,63.33333333333333
66.66666666666667,45.833333333333336,33.33333333333333,54.166666666666664
25.0,56.25,75.0,43.75
0.0,50.0,100.0,50.0
94.44444444444444,45.0,5.555555555555557,55.0
21.666666666666668,33.333333333333336,78.33333333333333,66.66666666666666
37.5,50.0,62.5,50.0
0.0,100.0,100.0,0.0
9.534109520757674,59.654184038117926,90.46589047924232,40.345815961882074
40.0,50.0,60.0,50.0
47.35576923076923,40.138888888888886,52.64423076923077,59.861111111111114
23.3502538071066,48.1578947368421,76.6497461928934,51.8421052631579
23.901098901098894,38.23529411764706,76.09890109890111,61.76470588235294
52.77777777777778,50.0,47.22222222222222,50.0
60.0,65.0,40.0,35.0
100.0,75.0,0.0,25.0
100.0,25.0,0.0,75.0
50.0,50.0,50.0,50.0
75.0,75.0,25.0,25.0
50.0,71.42857142857143,50.0,28.57142857142857
100.0,25.0,0.0,75.0
70.0,75.0,30.0,25.0
62.5,37.5,37.5,62.5
25.0,75.0,75.0,25.0
40.0,25.0,60.0,75.0
56.61764705882353,79.04411764705883,43.38235294117647,20.955882352941174
67.04545454545455,42.1875,32.95454545454545,57.8125
55.00000000000001,50.0,44.99999999999999,50.0
100.0,0.0,0.0,100.0
35.714285714285715,50.0,64.28571428571428,50.0
78.125,18.75,21.875,81.25
66.21621621621622,48.046875,33.783783783783775,51.953125
6.944444444444442,79.41176470588236,93.05555555555556,20.588235294117638
86.19350282485875,12.899709302325583,13.806497175141246,87.10029069767441
100.0,0.0,0.0,100.0
27.27272727272727,17.857142857142854,72.72727272727273,82.14285714285714
87.5,40.0,12.5,60.0
90.65656565656566,20.2020202020202,9.343434343434339,79.79797979797979
100.0,0.0,0.0,100.0
25.0,100.0,75.0,0.0
75.0,25.0,25.0,75.0
100.0,37.5,0.0,62.5
83.75,13.333333333333336,16.25,86.66666666666666
75.0,22.61904761904762,25.0,77.38095238095238
100.0,0.0,0.0,100.0
64.375,31.25,35.625,68.75
82.23684210526316,18.333333333333332,17.763157894736835,81.66666666666667
91.66666666666669,33.333333333333336,8.333333333333314,66.66666666666666
62.5,37.5,37.5,62.5
100.0,8.333333333333332,0.0,91.66666666666667
25.0,50.0,75.0,50.0
0.0,100.0,100.0,0.0
46.66666666666666,50.0,53.33333333333334,50.0
0.0,75.0,100.0,25.0
75.0,50.0,25.0,50.0
52.63157894736842,50.0,47.36842105263158,50.0
56.25,31.48148148148148,43.75,68.51851851851852
67.85714285714286,25.0,32.14285714285714,75.0
70.56259953371098,41.425413030378834,29.43740046628902,58.574586969621166
54.16666666666666,54.16666666666666,45.83333333333334,45.83333333333334
16.27358490566038,85.14150943396226,83.72641509433961,14.858490566037744
75.0,25.0,25.0,75.0
0.0,25.0,100.0,75.0
40.625,65.625,59.375,34.375
33.333333333333336,93.75,66.66666666666666,6.25
35.0,66.66666666666666,65.0,33.33333333333334
45.39473684210527,28.676470588235293,54.60526315789473,71.32352941176471
100.0,75.0,0.0,25.0
58.333333333333336,91.66666666666669,41.666666666666664,8.333333333333314
20.60810810810811,60.256410256410255,79.39189189189189,39.743589743589745
88.88888888888889,25.0,11.111111111111114,75.0
100.0,75.0,0.0,25.0
65.3409090909091,60.0,34.65909090909091,40.0
35.86956521739131,53.07692307692308,64.13043478260869,46.92307692307692
50.0,100.0,50.0,0.0
0.0,50.0,100.0,50.0
72.22222222222221,75.0,27.777777777777786,25.0
37.5,70.0,62.5,30.0
41.0377358490566,71.2962962962963,58.9622641509434,28.703703703703695
75.0,25.0,25.0,75.0
50.0,25.0,50.0,75.0
15.830721003134796,74.35064935064935,84.1692789968652,25.64935064935065
0.0,100.0,100.0,0.0
37.5,80.0,62.5,20.0
8.333333333333332,79.16666666666667,91.66666666666667,20.83333333333333
75.0,37.5,25.0,62.5
87.5,37.5,12.5,62.5
66.66666666666666,50.0,33.33333333333334,50.0
50.0,25.0,50.0,75.0
66.66666666666666,75.0,33.33333333333334,25.0
25.0,100.0,75.0,0.0
100.0,58.333333333333336,0.0,41.666666666666664
0.0,100.0,100.0,0.0
18.42105263157895,76.5625,81.57894736842105,23.4375
31.666666666666668,53.333333333333336,68.33333333333333,46.666666666666664
100.0,25.0,0.0,75.0
90.9438775510204,9.308510638297873,9.056122448979593,90.69148936170212
87.5,58.33333333333333,12.5,41.66666666666667
100.0,0.0,0.0,100.0
100.0,25.0,0.0,75.0
100.0,50.0,0.0,50.0
75.0,25.0,25.0,75.0
100.0,50.0,0.0,50.0
96.2962962962963,10.144927536231883,3.7037037037036953,89.85507246376812
100.0,37.5,0.0,62.5
93.75,31.25,6.25,68.75
100.0,62.5,0.0,37.5
87.5,62.5,12.5,37.5
53.63636363636364,72.27272727272728,46.36363636363636,27.72727272727272
50.0,50.0,50.0,50.0
100.0,100.0,0.0,0.0
28.749999999999996,79.375,71.25,20.625
50.0,100.0,50.0,0.0
57.14285714285714,57.14285714285714,42.85714285714286,42.85714285714286
96.75243864516077,17.586697722567287,3.2475613548392346,82.4133022774327
75.0,25.0,25.0,75.0
95.47258297258297,24.57338536883991,4.52741702741703,75.42661463116009
73.14790309425653,35.267365547587715,26.852096905743466,64.73263445241228
60.7859078590786,22.70723104056437,39.2140921409214,77.29276895943563
75.0,50.0,25.0,50.0
37.5,87.5,62.5,12.5
22.983870967741936,49.34782608695652,77.01612903225806,50.65217391304348
90.625,25.0,9.375,75.0
16.666666666666668,81.25,83.33333333333333,18.75
81.25,50.0,18.75,50.0
37.5,50.0,62.5,50.0
71.71921057479734,29.686880171143603,28.280789425202656,70.3131198288564
82.94481826547045,18.915343915343914,17.055181734529555,81.08465608465609
87.40474467508608,31.79124793163113,12.595255324913921,68.20875206836887
86.72727272727272,52.142857142857146,13.27272727272728,47.857142857142854
79.83134920634922,38.44226579520697,20.168650793650784,61.55773420479303
87.39087301587301,26.851851851851855,12.609126984126988,73.14814814814815
94.53125,46.875,5.46875,53.125
78.00938451980119,36.85298769266161,21.990615480198812,63.14701230733839
82.77281746031747,32.083333333333336,17.22718253968253,67.91666666666666
93.75,31.25,6.25,68.75
81.84210526315789,35.578947368421055,18.15789473684211,64.42105263157895
89.58333333333333,18.75,10.416666666666671,81.25
93.75,33.333333333333336,6.25,66.66666666666666
95.0,56.25,5.0,43.75
55.00000000000001,66.66666666666666,44.99999999999999,33.33333333333334
20.555555555555557,90.78947368421052,79.44444444444444,9.21052631578948
75.0,50.0,25.0,50.0
82.86214031066973,26.871265172735765,17.13785968933027,73.12873482726424
53.75186368477104,20.07890365448505,46.24813631522896,79.92109634551495
62.5,50.0,37.5,50.0
87.5,41.66666666666667,12.5,58.33333333333333
95.83333333333333,41.666666666666664,4.166666666666671,58.333333333333336
54.166666666666664,63.333333333333336,45.833333333333336,36.666666666666664
67.5,45.833333333333336,32.5,54.166666666666664
75.0,50.0,25.0,50.0
66.66666666666666,58.333333333333336,33.33333333333334,41.666666666666664
55.00000000000001,25.0,44.99999999999999,75.0
50.0,75.0,50.0,25.0
39.285714285714285,69.53125,60.714285714285715,30.46875
29.166666666666664,75.0,70.83333333333334,25.0
32.14285714285714,53.57142857142857,67.85714285714286,46.42857142857143
4.999999999999999,93.75,95.0,6.25
51.31578947368421,83.33333333333333,48.68421052631579,16.66666666666667
100.0,50.0,0.0,50.0
37.5,62.5,62.5,37.5
12.5,68.75,87.5,31.25
62.5,75.0,37.5,25.0
28.57142857142857,67.85714285714286,71.42857142857143,32.14285714285714
36.30952380952381,69.23076923076923,63.69047619047619,30.769230769230774
25.0,100.0,75.0,0.0
50.305164319248824,41.1875,49.694835680751176,58.8125
87.5,62.5,12.5,37.5
62.5,25.0,37.5,75.0
47.22222222222222,32.5,52.77777777777778,67.5
69.44444444444444,25.0,30.555555555555557,75.0
62.5,18.75,37.5,81.25
89.58333333333334,0.0,10.416666666666657,100.0
56.57894736842105,20.83333333333333,43.42105263157895,79.16666666666667
100.0,50.0,0.0,50.0
75.0,16.666666666666668,25.0,83.33333333333333
68.75,50.0,31.25,50.0
72.91666666666666,9.375,27.083333333333343,90.625
75.0,25.0,25.0,75.0
100.0,50.0,0.0,50.0
85.71428571428572,29.166666666666664,14.285714285714278,70.83333333333334
31.25,68.75,68.75,31.25
78.79830917874396,35.29040404040404,21.201690821256037,64.70959595959596
36.72341743475359,68.16822909045439,63.27658256524641,31.83177090954561
54.8256295575417,57.18664188600898,45.1743704424583,42.81335811399102
28.511904761904763,66.07267645003493,71.48809523809524,33.92732354996507
46.36309883252818,56.59220798826777,53.63690116747182,43.40779201173223
31.311178890622784,60.762209864603484,68.68882110937722,39.237790135396516
25.0,50.0,75.0,50.0
50.27384262870377,63.83939247656834,49.72615737129623,36.16060752343166
29.42445286195286,41.018883225208526,70.57554713804714,58.981116774791474
61.17682437850843,57.371794871794876,38.82317562149157,42.628205128205124
39.76453829395006,61.82909079648209,60.23546170604994,38.17090920351791
51.38914973432724,60.02067622133412,48.61085026567276,39.97932377866588
65.48183256067558,58.42692506295447,34.518167439324415,41.57307493704553
45.357142857142854,66.78972593711191,54.642857142857146,33.21027406288809
41.91385196184628,62.98321245660461,58.08614803815372,37.01678754339539
47.91666666666667,65.38461538461539,52.08333333333333,34.61538461538461
73.33333333333334,73.33333333333334,26.666666666666657,26.666666666666657
100.0,75.0,0.0,25.0
36.64102564102564,55.79365079365079,63.35897435897436,44.20634920634921
50.0,54.54545454545455,50.0,45.45454545454545
37.66894257703081,71.7684659090909,62.33105742296919,28.231534090909093
48.29167861923886,61.18399399423911,51.70832138076114,38.81600600576089
90.625,46.875,9.375,53.125
50.29261704681873,58.02596769702033,49.70738295318127,41.97403230297967
53.30054274084125,72.32734454638124,46.69945725915875,27.67265545361876
63.63636363636363,58.333333333333336,36.36363636363637,41.666666666666664
30.270888395581363,66.2698390881838,69.72911160441863,33.7301609118162
50.16801075268817,69.09722222222221,49.83198924731183,30.902777777777786
29.199445414398685,69.2166746297181,70.80055458560132,30.7833253702819
22.265625,77.10000000000001,77.734375,22.89999999999999
85.71428571428572,6.25,14.285714285714278,93.75
41.84782608695652,42.61363636363636,58.15217391304348,57.38636363636364
47.72727272727273,51.13636363636364,52.27272727272727,48.86363636363636
73.47222222222223,35.0,26.52777777777777,65.0
100.0,0.0,0.0,100.0
80.32114624505928,19.762077294685987,19.678853754940718,80.23792270531402
79.86111111111111,19.444444444444446,20.138888888888886,80.55555555555556
87.5,12.5,12.5,87.5
62.5,40.0,37.5,60.0
50.0,58.333333333333336,50.0,41.666666666666664
65.27777777777777,14.444444444444445,34.72222222222223,85.55555555555556
100.0,12.5,0.0,87.5
80.0,25.0,20.0,75.0
28.125,37.5,71.875,62.5
100.0,0.0,0.0,100.0
50.0,45.0,50.0,55.0
75.0,0.0,25.0,100.0
100.0,0.0,0.0,100.0
45.65217391304349,57.29166666666666,54.34782608695651,42.70833333333334
43.58974358974359,59.696365248226954,56.41025641025641,40.303634751773046
68.75,25.0,31.25,75.0
29.166666666666664,59.375,70.83333333333334,40.625
0.0,100.0,100.0,0.0
30.26315789473684,47.72727272727273,69.73684210526316,52.27272727272727
40.0,46.875,60.0,53.125
44.44444444444444,45.0,55.55555555555556,55.0
25.892857142857142,43.75,74.10714285714286,56.25
100.0,0.0,0.0,100.0
0.0,50.0,100.0,50.0
17.578125,47.0,82.421875,53.0
48.07692307692308,14.285714285714285,51.92307692307692,85.71428571428572
10.714285714285715,41.66666666666667,89.28571428571428,58.33333333333333
0.0,50.0,100.0,50.0
0.0,50.0,100.0,50.0
3.57142857142857,83.33333333333333,96.42857142857143,16.66666666666667
50.0,75.0,50.0,25.0
13.636363636363635,71.42857142857143,86.36363636363636,28.57142857142857
82.29166666666666,43.75,17.708333333333343,56.25
0.0,50.0,100.0,50.0
29.166666666666664,25.0,70.83333333333334,75.0
20.0,33.333333333333336,80.0,66.66666666666666
27.380952380952383,56.25,72.61904761904762,43.75
14.285714285714285,66.66666666666666,85.71428571428572,33.33333333333334
60.0,0.0,40.0,100.0
3.5669191919191916,49.376640419947506,96.4330808080808,50.623359580052494
4.999999999999999,25.0,95.0,75.0
52.77777777777778,58.333333333333336,47.22222222222222,41.666666666666664
20.454545454545457,67.42424242424242,79.54545454545455,32.57575757575758
27.083333333333336,72.91666666666666,72.91666666666666,27.083333333333343
12.5,87.5,87.5,12.5
82.66252587991718,23.93221104231166,17.337474120082817,76.06778895768834
91.76136363636364,36.111111111111114,8.23863636363636,63.888888888888886
79.45833333333334,44.375,20.541666666666657,55.625
25.0,50.0,75.0,50.0
34.25925925925926,46.64351851851851,65.74074074074073,53.35648148148149
24.283854166666664,48.032407407407405,75.71614583333334,51.967592592592595
37.29838709677419,54.528985507246375,62.70161290322581,45.471014492753625
40.07936507936508,37.5,59.92063492063492,62.5
25.208333333333336,50.26041666666667,74.79166666666666,49.73958333333333
40.773809523809526,39.30555555555556,59.226190476190474,60.69444444444444
62.5,50.0,37.5,50.0
74.30555555555556,64.58333333333334,25.694444444444443,35.41666666666666
62.083333333333336,55.755471380471384,37.916666666666664,44.244528619528616
87.5,50.0,12.5,50.0
42.05528846153846,61.225620567375884,57.94471153846154,38.774379432624116
54.00001740462267,51.55723905723906,45.99998259537733,48.44276094276094
73.79032258064517,29.111111111111114,26.209677419354833,70.88888888888889
70.83333333333334,62.5,29.166666666666657,37.5
56.13026819923371,39.166666666666664,43.86973180076629,60.833333333333336
36.86387290232358,49.16993668486503,63.13612709767642,50.83006331513497
78.81944444444444,19.166666666666664,21.180555555555557,80.83333333333334
66.64285714285714,31.25,33.35714285714286,68.75
76.8092105263158,37.916666666666664,23.190789473684205,62.083333333333336
60.25162337662338,48.87426900584795,39.74837662337662,51.12573099415205
86.76470588235294,0.0,13.235294117647058,100.0
59.879298941798936,40.82142857142858,40.120701058201064,59.17857142857142
66.66666666666667,50.0,33.33333333333333,50.0
39.30555555555556,47.198412698412696,60.69444444444444,52.801587301587304
87.5,12.5,12.5,87.5
75.0,74.10714285714286,25.0,25.89285714285714
58.916666666666664,50.340909090909086,41.083333333333336,49.659090909090914
54.0625,79.28571428571429,45.9375,20.714285714285708
68.43575418994413,43.970588235294116,31.564245810055866,56.029411764705884
76.25,37.5,23.75,62.5
100.0,100.0,0.0,0.0
75.0,25.0,25.0,75.0
75.0,50.0,25.0,50.0
69.79166666666666,57.8125,30.208333333333343,42.1875
33.333333333333336,66.66666666666666,66.66666666666666,33.33333333333334
62.5,50.0,37.5,50.0
79.16666666666667,25.0,20.83333333333333,75.0
81.25,25.0,18.75,75.0
80.83333333333333,27.777777777777782,19.16666666666667,72.22222222222221
100.0,25.0,0.0,75.0
100.0,0.0,0.0,100.0
100.0,0.0,0.0,100.0
50.0,50.0,50.0,50.0
73.33333333333333,34.72222222222222,26.66666666666667,65.27777777777777
100.0,50.0,0.0,50.0
64.77272727272727,28.33333333333333,35.227272727272734,71.66666666666667
87.5,25.0,12.5,75.0
33.333333333333336,66.66666666666666,66.66666666666666,33.33333333333334
100.0,50.0,0.0,50.0
75.0,0.0,25.0,100.0
37.5,25.0,62.5,75.0
90.27777777777777,20.0,9.722222222222229,80.0
51.47058823529412,55.35714285714286,48.52941176470588,44.64285714285714
68.75,37.5,31.25,62.5
100.0,0.0,0.0,100.0
70.0,0.0,30.0,100.0
100.0,75.0,0.0,25.0
100.0,0.0,0.0,100.0
100.0,0.0,0.0,100.0
54.519230769230774,50.30241935483871,45.480769230769226,49.69758064516129
25.0,56.25,75.0,43.75
37.5,75.0,62.5,25.0
11.830357142857146,48.86363636363637,88.16964285714286,51.13636363636363
25.0,87.5,75.0,12.5
28.57142857142857,60.71428571428571,71.42857142857143,39.28571428571429
17.857142857142858,67.85714285714286,82.14285714285714,32.14285714285714
8.333333333333334,70.83333333333333,91.66666666666667,29.16666666666667
0.0,75.0,100.0,25.0
8.333333333333332,91.66666666666669,91.66666666666667,8.333333333333314
12.5,62.5,87.5,37.5
74.30555555555556,54.706790123456784,25.694444444444443,45.293209876543216
81.25,25.0,18.75,75.0
35.13513513513513,56.896551724137936,64.86486486486487,43.103448275862064
18.571428571428573,45.96774193548387,81.42857142857143,54.03225806451613
50.0,50.0,50.0,50.0
32.14285714285714,83.33333333333333,67.85714285714286,16.66666666666667
75.0,100.0,25.0,0.0
23.484848484848484,73.33333333333334,76.51515151515152,26.666666666666657
83.32417582417582,24.584541062801932,16.675824175824175,75.41545893719807
100.0,0.0,0.0,100.0
50.0,50.0,50.0,50.0
100.0,0.0,0.0,100.0
100.0,0.0,0.0,100.0
16.964285714285715,81.80379746835442,83.03571428571428,18.196202531645582
37.5,100.0,62.5,0.0
27.77777777777778,81.25,72.22222222222223,18.75
45.83333333333333,80.0,54.16666666666667,20.0
0.0,50.0,100.0,50.0
16.666666666666668,87.5,83.33333333333333,12.5
52.31481481481481,63.425925925925924,47.68518518518519,36.574074074074076
0.0,75.0,100.0,25.0
100.0,0.0,0.0,100.0
100.0,50.0,0.0,50.0
75.0,100.0,25.0,0.0
0.0,100.0,100.0,0.0
87.5,0.0,12.5,100.0
71.6777273482039,44.25032679738562,28.322272651796098,55.74967320261438
71.81869369369369,45.73863636363636,28.18130630630631,54.26136363636364
13.636363636363638,77.45098039215686,86.36363636363636,22.549019607843135
45.0,95.0,55.0,5.0
100.0,0.0,0.0,100.0
38.14484126984127,66.33885438233264,61.85515873015873,33.66114561766736
55.0,71.25,45.0,28.75
54.16666666666667,45.833333333333336,45.83333333333333,54.166666666666664
81.25,56.25,18.75,43.75
75.0,25.0,25.0,75.0
25.0,91.66666666666669,75.0,8.333333333333314
62.5,75.0,37.5,25.0
39.583333333333336,60.416666666666664,60.416666666666664,39.583333333333336
30.55555555555556,37.5,69.44444444444444,62.5
74.30555555555556,65.15151515151514,25.694444444444443,34.84848484848486
60.29761904761905,50.95238095238095,39.70238095238095,49.04761904761905
36.60375118708452,66.19318181818181,63.39624881291548,33.80681818181819
35.714285714285715,70.0,64.28571428571428,30.0
50.0,100.0,50.0,0.0
35.57692307692308,87.5,64.42307692307692,12.5
15.000000000000002,62.5,85.0,37.5
29.93386243386243,61.95488721804511,70.06613756613757,38.04511278195489
43.75,91.66666666666669,56.25,8.333333333333314
43.75,37.5,56.25,62.5
75.0,87.5,25.0,12.5
50.0,55.95238095238096,50.0,44.04761904761904
17.789548022598872,67.2953216374269,82.21045197740114,32.704678362573105
73.61111111111111,48.61111111111111,26.388888888888886,51.38888888888889
56.372549019607845,59.61538461538461,43.627450980392155,40.38461538461539
100.0,25.0,0.0,75.0
73.33333333333333,67.70833333333333,26.66666666666667,32.29166666666667
75.0,31.25,25.0,68.75
68.75,45.833333333333336,31.25,54.166666666666664
63.51851851851851,39.285714285714285,36.48148148148149,60.714285714285715
75.0,37.5,25.0,62.5
83.33333333333333,50.0,16.66666666666667,50.0
60.68181818181819,76.13636363636363,39.31818181818181,23.863636363636374
63.16849816849817,52.467532467532465,36.83150183150183,47.532467532467535
50.0,100.0,50.0,0.0
100.0,75.0,0.0,25.0
100.0,50.0,0.0,50.0
40.58369252873563,26.041666666666668,59.41630747126437,73.95833333333333
79.16666666666667,55.833333333333336,20.83333333333333,44.166666666666664
48.21428571428572,59.61538461538461,51.78571428571428,40.38461538461539
78.00925925925925,46.2962962962963,21.990740740740748,53.7037037037037
25.0,41.66666666666667,75.0,58.33333333333333
56.25,43.75,43.75,56.25
58.333333333333336,61.111111111111114,41.666666666666664,38.888888888888886
56.25,51.041666666666664,43.75,48.958333333333336
85.546875,25.0,14.453125,75.0
78.57142857142857,31.25,21.42857142857143,68.75
50.0,75.0,50.0,25.0
25.0,75.0,75.0,25.0
75.0,75.0,25.0,25.0
28.787878787878785,61.36363636363637,71.21212121212122,38.63636363636363
22.72727272727273,43.75,77.27272727272727,56.25
28.431372549019606,60.869565217391305,71.56862745098039,39.130434782608695
0.0,50.0,100.0,50.0
37.5,50.0,62.5,50.0
56.25,50.0,43.75,50.0
100.0,0.0,0.0,100.0
0.0,75.0,100.0,25.0
95.83333333333331,41.66666666666667,4.166666666666686,58.33333333333333
75.0,25.0,25.0,75.0
25.0,50.0,75.0,50.0
100.0,0.0,0.0,100.0
51.13636363636363,38.88888888888889,48.86363636363637,61.11111111111111
65.0,50.0,35.0,50.0
75.0,100.0,25.0,0.0
18.837209302325586,62.78846153846153,81.16279069767441,37.21153846153847
25.0,100.0,75.0,0.0
69.64285714285714,12.5,30.35714285714286,87.5
32.8125,65.0,67.1875,35.0
76.38888888888889,65.27777777777777,23.611111111111114,34.72222222222223
64.73958333333333,44.53983516483517,35.26041666666667,55.46016483516483
82.29166666666667,9.090909090909092,17.70833333333333,90.9090909090909
57.169117647058826,39.58333333333333,42.830882352941174,60.41666666666667
57.692307692307686,68.75,42.307692307692314,31.25
37.5,50.0,62.5,50.0
25.0,100.0,75.0,0.0
0.0,41.666666666666664,100.0,58.333333333333336
19.642857142857142,53.84615384615385,80.35714285714286,46.15384615384615
0.0,50.0,100.0,50.0
50.0,50.0,50.0,50.0
17.59259259259259,78.49999999999999,82.4074074074074,21.500000000000014
37.5,54.16666666666667,62.5,45.83333333333333
72.82608695652173,54.34782608695652,27.173913043478265,45.65217391304348
55.595238095238095,59.91071428571429,44.404761904761905,40.08928571428571
39.2482314433534,65.21503102086858,60.7517685566466,34.78496897913142
57.5,50.0,42.5,50.0
70.30448717948718,43.035714285714285,29.695512820512818,56.964285714285715
78.52348993288591,41.66666666666667,21.47651006711409,58.33333333333333
89.21130952380952,35.96590909090909,10.788690476190482,64.0340909090909
71.42676767676767,52.916666666666664,28.573232323232332,47.083333333333336
85.0,56.25,15.0,43.75
91.66666666666669,0.0,8.333333333333314,100.0
83.33333333333333,29.166666666666664,16.66666666666667,70.83333333333334
80.76923076923077,53.57142857142857,19.230769230769226,46.42857142857143
88.07565789473685,20.192307692307693,11.92434210526315,79.8076923076923
77.4074074074074,60.0,22.592592592592595,40.0
89.47368421052632,25.0,10.526315789473685,75.0
96.2807881773399,41.31410256410256,3.7192118226600996,58.68589743589744
75.0,50.0,25.0,50.0
25.0,25.0,75.0,75.0
66.66666666666666,83.33333333333333,33.33333333333334,16.66666666666667
58.333333333333336,76.66666666666666,41.666666666666664,23.333333333333343
50.0,100.0,50.0,0.0
25.0,100.0,75.0,0.0
12.5,50.0,87.5,50.0
0.0,50.0,100.0,50.0
0.0,75.0,100.0,25.0
0.0,100.0,100.0,0.0
4.999999999999999,100.0,95.0,0.0
56.25,71.42857142857143,43.75,28.57142857142857
9.999999999999998,100.0,90.0,0.0
15.625,78.125,84.375,21.875
20.60810810810811,80.51470588235294,79.39189189189189,19.485294117647058
0.0,50.0,100.0,50.0
43.75,46.875,56.25,53.125
35.625,44.44444444444444,64.375,55.55555555555556
100.0,33.333333333333336,0.0,66.66666666666666
66.66666666666666,83.33333333333333,33.33333333333334,16.66666666666667
10.194174757281557,45.26315789473684,89.80582524271844,54.73684210526316
25.0,37.5,75.0,62.5
12.5,50.0,87.5,50.0
16.666666666666668,91.66666666666669,83.33333333333333,8.333333333333314
82.14285714285714,28.33333333333333,17.85714285714286,71.66666666666667
58.333333333333336,37.5,41.666666666666664,62.5
50.0,40.0,50.0,60.0
35.0,70.0,65.0,30.0
68.75,28.125,31.25,71.875
10.909090909090908,65.77669902912622,89.0909090909091,34.22330097087378
25.0,50.0,75.0,50.0
74.75728155339806,14.175257731958762,25.24271844660194,85.82474226804123
90.625,4.6875,9.375,95.3125
95.0,34.375,5.0,65.625
87.91666666666667,31.25,12.083333333333329,68.75
90.0,33.333333333333336,10.0,66.66666666666666
83.22916666666667,19.339080459770113,16.77083333333333,80.66091954022988
91.96428571428572,47.5,8.035714285714278,52.5
91.0,9.210526315789474,9.0,90.78947368421052
84.62301587301587,9.583333333333332,15.376984126984127,90.41666666666667
80.3030303030303,17.59259259259259,19.696969696969703,82.4074074074074
92.5,43.75,7.5,56.25
81.25,56.25,18.75,43.75
100.0,100.0,0.0,0.0
75.0,66.66666666666666,25.0,33.33333333333334
75.0,25.0,25.0,75.0
65.57377049180329,31.73076923076923,34.42622950819671,68.26923076923077
49.583333333333336,69.93018419489007,50.416666666666664,30.069815805109926
87.5,87.5,12.5,12.5
67.41803278688525,51.32743362831859,32.58196721311475,48.67256637168141
55.51801801801802,56.386408730158735,44.48198198198198,43.613591269841265
51.36339953752798,66.02540406042343,48.63660046247202,33.974595939576574
23.98989898989899,77.70390070921985,76.01010101010101,22.29609929078015
100.0,0.0,0.0,100.0
85.0,36.875,15.0,63.125
100.0,0.0,0.0,100.0
41.41025641025641,64.02116402116401,58.58974358974359,35.97883597883599
53.64583333333333,63.46153846153846,46.35416666666667,36.53846153846154
62.5,50.0,37.5,50.0
50.0,100.0,50.0,0.0
100.0,0.0,0.0,100.0
39.6551724137931,67.0,60.3448275862069,33.0
18.542486583184257,65.42357565856646,81.45751341681574,34.57642434143354
2.7777777777777777,52.77777777777778,97.22222222222223,47.22222222222222
29.20138888888889,52.901785714285715,70.79861111111111,47.098214285714285
8.020833333333334,41.666666666666664,91.97916666666667,58.333333333333336
26.004927612070468,54.1901023694502,73.99507238792953,45.8098976305498
15.973214285714286,51.25,84.02678571428571,48.75
17.5,50.0,82.5,50.0
65.0,18.75,35.0,81.25
2.9761904761904763,54.861111111111114,97.02380952380952,45.138888888888886
19.897959183673468,51.07142857142857,80.10204081632654,48.92857142857143
1.1754385964912284,59.55555555555556,98.82456140350877,40.44444444444444
10.89191232048375,58.00865800865801,89.10808767951625,41.99134199134199
3.5526315789473686,49.642857142857146,96.44736842105263,50.357142857142854
7.142857142857142,45.833333333333336,92.85714285714286,54.166666666666664
6.385114885114886,60.95238095238095,93.61488511488511,39.04761904761905
19.90740740740741,53.333333333333336,80.0925925925926,46.666666666666664
7.291666666666667,51.70454545454545,92.70833333333333,48.29545454545455
4.518398268398268,53.55113636363637,95.48160173160173,46.44886363636363
0.0,50.0,100.0,50.0
4.999999999999999,75.0,95.0,25.0
4.421768707482993,63.865546218487395,95.578231292517,36.134453781512605
5.760334436805025,51.56180026869683,94.23966556319498,48.43819973130317
4.340277777777778,56.875,95.65972222222223,43.125
2.3469387755102042,53.31221198156682,97.65306122448979,46.68778801843318
12.5,50.0,87.5,50.0
26.041666666666668,65.625,73.95833333333333,34.375
39.73214285714286,55.625,60.26785714285714,44.375
5.6543803418803416,58.687002652519894,94.34561965811966,41.312997347480106
0.0,100.0,100.0,0.0
18.333333333333336,88.33333333333333,81.66666666666666,11.666666666666671
100.0,0.0,0.0,100.0
75.0,75.0,25.0,25.0
50.0,37.5,50.0,62.5
50.0,50.0,50.0,50.0
31.583333333333332,50.34722222222223,68.41666666666667,49.65277777777777
25.0,75.0,75.0,25.0
25.0,75.0,75.0,25.0
75.0,75.0,25.0,25.0
50.97198717449943,62.1614477343644,49.02801282550057,37.8385522656356
26.88679245283019,66.48936170212765,73.11320754716981,33.51063829787235
29.6875,81.25,70.3125,18.75
32.41944696885898,78.57698894119548,67.58055303114102,21.42301105880452
50.595238095238095,43.05555555555555,49.404761904761905,56.94444444444445
47.70032051282052,29.237288135593218,52.29967948717948,70.76271186440678
40.50595238095238,40.12605042016807,59.49404761904762,59.87394957983193
34.36173264486518,40.934065934065934,65.63826735513481,59.065934065934066
33.6025641025641,48.088235294117645,66.3974358974359,51.911764705882355
45.71653075093442,49.239482200647245,54.28346924906558,50.760517799352755
49.739583333333336,48.611111111111114,50.260416666666664,51.388888888888886
70.0,46.875,30.0,53.125
47.75432900432901,47.10602310231023,52.24567099567099,52.89397689768977
43.75,47.72727272727273,56.25,52.27272727272727
50.833333333333336,41.33986928104575,49.166666666666664,58.66013071895425
64.88095238095238,50.73529411764706,35.11904761904762,49.26470588235294
62.98811761021063,49.530423280423285,37.01188238978937,50.469576719576715
33.33957020308123,40.21033653846154,66.66042979691878,59.78966346153846
54.166666666666664,50.0,45.833333333333336,50.0
64.84375,48.4375,35.15625,51.5625
67.84482758620689,38.4375,32.15517241379311,61.5625
85.90378610460577,40.29166666666667,14.096213895394229,59.70833333333333
67.1875,46.66666666666666,32.8125,53.33333333333334
100.0,2.4999999999999996,0.0,97.5
94.76102941176471,42.1875,5.23897058823529,57.8125
97.91666666666666,0.0,2.083333333333343,100.0
88.05147058823529,33.088235294117645,11.94852941176471,66.91176470588235
93.75,35.416666666666664,6.25,64.58333333333334
75.59523809523809,42.857142857142854,24.404761904761912,57.142857142857146
77.39817415730337,37.27729885057471,22.601825842696627,62.72270114942529
84.09090909090908,31.944444444444443,15.90909090909092,68.05555555555556
74.04761904761905,44.791666666666664,25.95238095238095,55.208333333333336
97.5,62.5,2.5,37.5
64.83134920634922,52.5,35.168650793650784,47.5
100.0,29.166666666666668,0.0,70.83333333333333
100.0,15.625,0.0,84.375
79.16666666666667,37.5,20.83333333333333,62.5
14.285714285714285,25.0,85.71428571428572,75.0
37.87313432835821,46.16935483870967,62.12686567164179,53.83064516129033
37.5,62.5,62.5,37.5
0.0,100.0,100.0,0.0
44.49096880131363,40.84501557632398,55.50903119868637,59.15498442367602
81.25,37.5,18.75,62.5
66.25,35.0,33.75,65.0
67.3076923076923,50.0,32.69230769230769,50.0
41.66666666666667,81.25,58.33333333333333,18.75
70.0,50.0,30.0,50.0
57.11206896551724,33.409090909090914,42.88793103448276,66.5909090909091
100.0,0.0,0.0,100.0
53.84615384615385,36.11111111111111,46.15384615384615,63.88888888888889
50.0,50.0,50.0,50.0
37.5,50.0,62.5,50.0
90.0,0.0,10.0,100.0
81.25,31.25,18.75,68.75
25.0,75.0,75.0,25.0
60.86956521739131,44.73684210526316,39.13043478260869,55.26315789473684
45.0,50.0,55.0,50.0
87.5,75.0,12.5,25.0
58.333333333333336,25.0,41.666666666666664,75.0
100.0,75.0,0.0,25.0
64.28571428571428,83.33333333333333,35.71428571428572,16.66666666666667
77.63157894736842,21.666666666666668,22.368421052631575,78.33333333333333
71.875,37.5,28.125,62.5
75.0,50.0,25.0,50.0
80.0,29.166666666666664,20.0,70.83333333333334
87.5,31.25,12.5,68.75
62.5,50.0,37.5,50.0
31.915742658705984,55.92138630600169,68.08425734129402,44.07861369399831
25.0,25.0,75.0,75.0
43.75,50.0,56.25,50.0
50.0,56.25,50.0,43.75
20.83333333333333,68.18181818181819,79.16666666666667,31.818181818181813
37.5,85.41666666666667,62.5,14.583333333333329
30.555555555555557,81.01325757575758,69.44444444444444,18.986742424242422
37.5,30.0,62.5,70.0
53.125,37.5,46.875,62.5
33.333333333333336,87.5,66.66666666666666,12.5
55.00000000000001,55.00000000000001,44.99999999999999,44.99999999999999
100.0,50.0,0.0,50.0
58.333333333333336,25.0,41.666666666666664,75.0
20.0,52.5,80.0,47.5
61.11111111111112,57.49999999999999,38.88888888888888,42.50000000000001
66.66666666666666,66.66666666666666,33.33333333333334,33.33333333333334
50.925925925925924,59.100529100529094,49.074074074074076,40.899470899470906
3.308823529411764,62.109375,96.69117647058823,37.890625
87.5,62.5,12.5,37.5
37.5,37.5,62.5,62.5
100.0,50.0,0.0,50.0
38.541666666666664,53.125,61.458333333333336,46.875
57.14285714285714,14.285714285714285,42.85714285714286,85.71428571428572
100.0,50.0,0.0,50.0
100.0,50.0,0.0,50.0
36.48648648648648,54.054054054054056,63.51351351351352,45.945945945945944
16.176470588235293,48.52941176470589,83.82352941176471,51.47058823529411
30.0,60.0,70.0,40.0
37.5,62.5,62.5,37.5
44.44444444444444,50.0,55.55555555555556,50.0
30.0,71.25,70.0,28.75
100.0,50.0,0.0,50.0
18.75,33.333333333333336,81.25,66.66666666666666
62.5,43.75,37.5,56.25
0.0,75.0,100.0,25.0
0.0,100.0,100.0,0.0
50.0,25.0,50.0,75.0
70.625,29.166666666666668,29.375,70.83333333333333
41.66666666666667,66.66666666666667,58.33333333333333,33.33333333333333
0.0,91.66666666666669,100.0,8.333333333333314
58.333333333333336,87.5,41.666666666666664,12.5
8.333333333333332,75.0,91.66666666666667,25.0
42.27430555555556,47.65625,57.72569444444444,52.34375
25.0,60.0,75.0,40.0
50.0,54.16666666666666,50.0,45.83333333333334
85.71428571428572,28.57142857142857,14.285714285714278,71.42857142857143
13.953488372093023,79.16666666666667,86.04651162790698,20.83333333333333
62.5,45.0,37.5,55.0
46.42857142857143,51.78571428571429,53.57142857142857,48.21428571428571
33.333333333333336,75.0,66.66666666666666,25.0
62.5,37.5,37.5,62.5
66.66666666666666,55.00000000000001,33.33333333333334,44.99999999999999
33.333333333333336,70.83333333333334,66.66666666666666,29.166666666666657
58.333333333333336,37.5,41.666666666666664,62.5
37.5,50.0,62.5,50.0
21.666666666666668,59.375,78.33333333333333,40.625
31.25,62.5,68.75,37.5
36.8421052631579,67.10526315789474,63.1578947368421,32.89473684210526
20.833333333333336,79.16666666666667,79.16666666666666,20.83333333333333
56.25,50.0,43.75,50.0
70.83333333333334,33.333333333333336,29.166666666666657,66.66666666666666
70.83333333333334,40.0,29.166666666666657,60.0
87.5,50.0,12.5,50.0
93.75,18.75,6.25,81.25
50.0,50.0,50.0,50.0
32.03125,51.47270114942529,67.96875,48.52729885057471
25.0,100.0,75.0,0.0
31.90619621342513,47.52768987341772,68.09380378657487,52.47231012658228
10.0,58.33333333333333,90.0,41.66666666666667
75.0,25.0,25.0,75.0
33.69565217391305,44.57364341085272,66.30434782608695,55.42635658914728
50.0,25.0,50.0,75.0
41.66666666666667,41.66666666666667,58.33333333333333,58.33333333333333
10.344827586206897,82.0,89.65517241379311,18.0
50.0,25.0,50.0,75.0
46.314268461007586,56.67839105339105,53.685731538992414,43.32160894660895
34.825327510917035,50.90497737556561,65.17467248908297,49.09502262443439
87.5,0.0,12.5,100.0
0.0,75.0,100.0,25.0
25.0,83.33333333333333,75.0,16.66666666666667
41.66666666666667,50.0,58.33333333333333,50.0
28.125,40.27777777777778,71.875,59.72222222222222
55.50595238095238,48.06547619047618,44.49404761904762,51.93452380952382
56.25,18.75,43.75,81.25
50.0,43.75,50.0,56.25
12.5,62.5,87.5,37.5
62.5,25.0,37.5,75.0
25.0,100.0,75.0,0.0
65.87837837837837,24.204946996466436,34.12162162162163,75.79505300353357
65.625,43.75,34.375,56.25
74.91197183098592,41.23134328358209,25.08802816901408,58.76865671641791
57.44047619047619,42.647058823529406,42.55952380952381,57.352941176470594
75.0,25.0,25.0,75.0
66.11111111111111,37.0,33.888888888888886,63.0
64.64285714285714,35.41666666666667,35.35714285714286,64.58333333333333
66.07142857142857,33.333333333333336,33.92857142857143,66.66666666666666
51.666666666666664,27.083333333333332,48.333333333333336,72.91666666666667
50.0,8.333333333333332,50.0,91.66666666666667
87.5,0.0,12.5,100.0
80.55555555555556,12.5,19.444444444444443,87.5
62.5,50.0,37.5,50.0
75.0,12.5,25.0,87.5
75.0,0.0,25.0,100.0
75.0,50.0,25.0,50.0
50.0,0.0,50.0,100.0
72.16494845360825,17.58241758241758,27.835051546391753,82.41758241758242
76.25,18.75,23.75,81.25
50.0,0.0,50.0,100.0
100.0,0.0,0.0,100.0
75.0,25.0,25.0,75.0
90.0,9.999999999999998,10.0,90.0
100.0,50.0,0.0,50.0
75.0,50.0,25.0,50.0
100.0,0.0,0.0,100.0
100.0,75.0,0.0,25.0
62.5,50.0,37.5,50.0
39.0625,84.72222222222221,60.9375,15.277777777777786
60.0,57.49999999999999,40.0,42.50000000000001
100.0,0.0,0.0,100.0
72.91666666666667,65.625,27.08333333333333,34.375
76.3157894736842,53.645833333333336,23.684210526315795,46.354166666666664
60.416666666666664,81.25,39.583333333333336,18.75
35.23548882452032,61.81820087189806,64.76451117547968,38.18179912810194
36.231617647058826,59.23295454545455,63.768382352941174,40.76704545454545
56.25,50.0,43.75,50.0
31.335227272727273,64.78794642857143,68.66477272727272,35.21205357142857
50.0,75.0,50.0,25.0
31.25,87.5,68.75,12.5
85.92013888888889,27.65743371212121,14.079861111111114,72.34256628787878
32.492134989282384,41.35319677219119,67.50786501071761,58.64680322780881
22.916666666666668,37.5,77.08333333333333,62.5
17.569444444444443,40.50925925925927,82.43055555555556,59.49074074074073
50.0,60.71428571428571,50.0,39.28571428571429
9.821428571428573,50.0,90.17857142857143,50.0
28.75,47.5,71.25,52.5
15.972222222222221,75.0,84.02777777777777,25.0
31.25,50.0,68.75,50.0
34.375,62.5,65.625,37.5
20.833333333333332,66.66666666666667,79.16666666666667,33.33333333333333
62.5,75.0,37.5,25.0
70.14739229024943,34.006519274376416,29.852607709750572,65.99348072562358
93.51851851851852,44.047619047619044,6.481481481481481,55.952380952380956
66.96428571428572,37.5,33.03571428571428,62.5
71.875,43.333333333333336,28.125,56.666666666666664
78.75,38.15789473684211,21.25,61.84210526315789
82.0909090909091,51.507936507936506,17.909090909090907,48.492063492063494
83.33333333333333,10.714285714285715,16.66666666666667,89.28571428571428
90.71428571428572,35.416666666666664,9.285714285714278,64.58333333333334
79.76190476190477,37.5,20.238095238095227,62.5
72.92817679558011,28.045112781954888,27.071823204419886,71.95488721804512
71.84297769740807,38.42203548085901,28.157022302591926,61.57796451914099
84.77092352092352,42.24375725900116,15.229076479076483,57.75624274099884
90.625,47.916666666666664,9.375,52.083333333333336
96.45337301587301,34.791666666666664,3.5466269841269877,65.20833333333334
100.0,0.0,0.0,100.0
66.9034090909091,28.57142857142857,33.09659090909091,71.42857142857143
55.729166666666664,30.04385964912281,44.270833333333336,69.95614035087719
50.0,100.0,50.0,0.0
53.57142857142857,53.57142857142857,46.42857142857143,46.42857142857143
50.0,52.08333333333333,50.0,47.91666666666667
50.0,50.0,50.0,50.0
56.42207472959686,70.54398148148148,43.57792527040314,29.45601851851852
100.0,25.0,0.0,75.0
33.92857142857143,70.3125,66.07142857142857,29.6875
100.0,0.0,0.0,100.0
61.36363636363637,54.54545454545454,38.63636363636363,45.45454545454546
75.0,0.0,25.0,100.0
75.0,0.0,25.0,100.0
100.0,50.0,0.0,50.0
87.5,12.5,12.5,87.5
85.0,0.0,15.0,100.0
31.25,35.0,68.75,65.0
100.0,50.0,0.0,50.0
70.76972010178118,20.01953125,29.230279898218825,79.98046875
88.54166666666667,7.8947368421052655,11.458333333333329,92.10526315789474
97.2222222222222,0.0,2.7777777777778,100.0
80.76923076923077,16.666666666666668,19.230769230769226,83.33333333333333
94.08602150537634,23.51190476190476,5.913978494623663,76.48809523809524
90.83333333333334,38.46153846153846,9.166666666666657,61.53846153846154
81.25,10.0,18.75,90.0
77.27272727272727,14.583333333333334,22.727272727272734,85.41666666666667
53.01282051282052,30.7909604519774,46.98717948717948,69.2090395480226
71.66666666666667,21.875,28.33333333333333,78.125
83.92857142857143,0.0,16.07142857142857,100.0
87.5,18.75,12.5,81.25
90.0,75.0,10.0,25.0
96.875,0.0,3.125,100.0
80.0,6.25,20.0,93.75
83.15217391304347,18.5,16.84782608695653,81.5
88.8888888888889,19.444444444444443,11.1111111111111,80.55555555555556
91.82539682539682,20.238095238095237,8.174603174603178,79.76190476190476
100.0,25.0,0.0,75.0
67.85714285714286,12.5,32.14285714285714,87.5
92.85714285714286,25.0,7.142857142857139,75.0
16.666666666666664,52.5,83.33333333333334,47.5
31.25,68.75,68.75,31.25
100.0,25.0,0.0,75.0
12.5,95.83333333333334,87.5,4.166666666666657
31.744500486144872,65.27052808302808,68.25549951385513,34.72947191697192
37.5,50.0,62.5,50.0
41.66666666666667,61.11111111111112,58.33333333333333,38.88888888888888
66.66666666666666,100.0,33.33333333333334,0.0
91.66666666666669,50.0,8.333333333333314,50.0
46.875,76.0,53.125,24.0
50.0,50.0,50.0,50.0
75.0,0.0,25.0,100.0
50.0,50.0,50.0,50.0
60.0,55.00000000000001,40.0,44.99999999999999
62.5,75.0,37.5,25.0
26.851851851851848,70.83333333333334,73.14814814814815,29.166666666666657
75.0,100.0,25.0,0.0
19.27710843373494,59.45945945945946,80.72289156626506,40.54054054054054
22.36842105263157,62.5,77.63157894736842,37.5
40.0610902255639,64.33333333333333,59.9389097744361,35.66666666666667
42.85714285714286,62.5,57.14285714285714,37.5
100.0,50.0,0.0,50.0
12.5,50.0,87.5,50.0
37.5,50.0,62.5,50.0
50.0,50.0,50.0,50.0
25.0,62.5,75.0,37.5
25.0,64.28571428571428,75.0,35.71428571428572
30.55555555555556,41.66666666666667,69.44444444444444,58.33333333333333
100.0,25.0,0.0,75.0
25.0,50.0,75.0,50.0
50.0,37.5,50.0,62.5
32.986111111111114,62.5,67.01388888888889,37.5
25.0,25.0,75.0,75.0
58.333333333333336,50.0,41.666666666666664,50.0
75.0,0.0,25.0,100.0
12.5,50.0,87.5,50.0
70.6896551724138,70.23809523809523,29.310344827586206,29.761904761904773
39.285714285714285,76.78571428571428,60.714285714285715,23.214285714285722
35.0,0.0,65.0,100.0
43.75,75.0,56.25,25.0
0.0,100.0,100.0,0.0
34.375,50.0,65.625,50.0
14.285714285714285,75.0,85.71428571428572,25.0
14.285714285714285,100.0,85.71428571428572,0.0
75.0,25.0,25.0,75.0
58.92857142857143,37.5,41.07142857142857,62.5
37.5,50.0,62.5,50.0
75.0,50.0,25.0,50.0
50.0,50.0,50.0,50.0
40.0,50.0,60.0,50.0
70.83333333333334,50.0,29.166666666666657,50.0
62.5,29.629629629629626,37.5,70.37037037037038
50.0,75.0,50.0,25.0
75.0,62.5,25.0,37.5
100.0,75.0,0.0,25.0
59.375,62.5,40.625,37.5
37.5,75.0,62.5,25.0
35.833333333333336,64.93055555555556,64.16666666666666,35.06944444444444
43.75,43.75,56.25,56.25
100.0,50.0,0.0,50.0
0.0,100.0,100.0,0.0
25.0,25.0,75.0,75.0
75.0,75.0,25.0,25.0
62.5,50.0,37.5,50.0
100.0,75.0,0.0,25.0
18.75,43.75,81.25,56.25
11.11111111111111,70.83333333333334,88.88888888888889,29.166666666666657
36.25,61.11111111111112,63.75,38.88888888888888
68.75,37.03703703703704,31.25,62.96296296296296
55.00000000000001,12.5,44.99999999999999,87.5
0.0,50.0,100.0,50.0
25.0,50.0,75.0,50.0
0.0,50.0,100.0,50.0
12.5,50.0,87.5,50.0
38.90845070422535,57.95454545454546,61.09154929577465,42.04545454545454
79.42708333333334,39.285714285714285,20.572916666666657,60.714285714285715
58.333333333333336,50.0,41.666666666666664,50.0
19.642857142857142,75.0,80.35714285714286,25.0
35.0,50.0,65.0,50.0
0.0,50.0,100.0,50.0
100.0,0.0,0.0,100.0
20.83333333333333,50.0,79.16666666666667,50.0
75.0,37.5,25.0,62.5
55.76923076923077,37.5,44.23076923076923,62.5
80.0,37.5,20.0,62.5
12.5,50.0,87.5,50.0
29.54545454545454,40.0,70.45454545454547,60.0
18.75,0.0,81.25,100.0
0.0,50.0,100.0,50.0
33.333333333333336,50.0,66.66666666666666,50.0
25.0,50.0,75.0,50.0
29.166666666666664,50.0,70.83333333333334,50.0
21.875,12.5,78.125,87.5
25.0,37.5,75.0,62.5
37.5,50.0,62.5,50.0
0.0,50.0,100.0,50.0
87.5,50.0,12.5,50.0
12.5,37.5,87.5,62.5
47.0873786407767,58.602150537634415,52.9126213592233,41.397849462365585
21.42857142857143,25.0,78.57142857142857,75.0
20.0,0.0,80.0,100.0
25.0,62.5,75.0,37.5
4.166666666666669,50.0,95.83333333333333,50.0
32.14285714285714,0.0,67.85714285714286,100.0
22.72727272727273,62.5,77.27272727272727,37.5
18.181818181818183,45.0,81.81818181818181,55.0
0.0,50.0,100.0,50.0
0.0,50.0,100.0,50.0
16.666666666666668,50.0,83.33333333333333,50.0
90.0,50.0,10.0,50.0
50.0,0.0,50.0,100.0
0.0,50.0,100.0,50.0
43.75,25.0,56.25,75.0
65.0,25.0,35.0,75.0
31.818181818181817,50.0,68.18181818181819,50.0
0.0,50.0,100.0,50.0
0.0,75.0,100.0,25.0
33.333333333333336,75.0,66.66666666666666,25.0
15.000000000000002,75.0,85.0,25.0
25.0,75.0,75.0,25.0
27.77777777777778,25.0,72.22222222222223,75.0
8.333333333333332,66.66666666666666,91.66666666666667,33.33333333333334
0.0,50.0,100.0,50.0
46.875,43.75,53.125,56.25
25.0,50.0,75.0,50.0
61.11111111111112,36.11111111111111,38.88888888888888,63.88888888888889
100.0,0.0,0.0,100.0
56.333333333333336,53.030303030303024,43.666666666666664,46.969696969696976
75.0,56.25,25.0,43.75
30.55555555555556,53.125,69.44444444444444,46.875
58.333333333333336,75.0,41.666666666666664,25.0
81.25,26.25,18.75,73.75
24.193548387096776,70.65217391304348,75.80645161290323,29.347826086956516
10.833333333333334,85.55555555555556,89.16666666666667,14.444444444444443
51.785714285714285,22.5,48.214285714285715,77.5
52.05882352941177,58.73493975903615,47.94117647058823,41.26506024096385
54.54545454545454,54.54545454545454,45.45454545454546,45.45454545454546
91.66666666666669,0.0,8.333333333333314,100.0
51.865671641791046,49.23076923076923,48.134328358208954,50.76923076923077
50.0,75.0,50.0,25.0
50.5,58.85416666666666,49.5,41.14583333333334
35.0,67.5,65.0,32.5
75.0,50.0,25.0,50.0
60.714285714285715,39.285714285714285,39.285714285714285,60.714285714285715
85.71428571428572,57.14285714285714,14.285714285714278,42.85714285714286
62.5,71.42857142857143,37.5,28.57142857142857
54.16666666666666,58.333333333333336,45.83333333333334,41.666666666666664
54.16666666666666,50.0,45.83333333333334,50.0
75.0,50.0,25.0,50.0
43.75,56.25,56.25,43.75
50.38728632478633,38.439542483660134,49.61271367521367,61.560457516339866
44.642857142857146,42.30769230769231,55.357142857142854,57.69230769230769
48.87387387387388,39.84615384615385,51.12612612612612,60.15384615384615
25.0,62.5,75.0,37.5
57.14285714285714,29.6875,42.85714285714286,70.3125
54.41176470588235,36.76470588235294,45.58823529411765,63.23529411764706
64.70588235294117,31.25,35.294117647058826,68.75
69.0148830261348,26.183054729464555,30.985116973865203,73.81694527053544
75.45045045045045,32.57575757575758,24.549549549549553,67.42424242424242
82.0601469593956,20.06853667392883,17.939853040604405,79.93146332607117
75.58862433862434,29.38131313131313,24.411375661375658,70.61868686868686
87.82407407407408,48.482142857142854,12.175925925925924,51.517857142857146
93.7012987012987,20.260416666666668,6.298701298701303,79.73958333333333
80.528489949839,34.22355978200299,19.471510050161,65.77644021799702
80.89590964590964,32.081447963800905,19.10409035409036,67.91855203619909
74.52437276625844,39.79204281661476,25.475627233741562,60.20795718338524
72.93706431313348,34.24793956043956,27.062935686866524,65.75206043956044
74.94475762332907,38.00595238095237,25.055242376670932,61.99404761904763
79.16666666666666,71.875,20.833333333333343,28.125
66.12903225806451,49.10714285714285,33.87096774193549,50.89285714285715
83.40849449049949,39.88622230292743,16.591505509500507,60.11377769707257
70.11200716845877,39.09651642362646,29.887992831541226,60.90348357637354
74.58333333333333,41.51785714285714,25.41666666666667,58.48214285714286
77.1103896103896,46.30952380952381,22.889610389610397,53.69047619047619
78.90307890307889,33.216180371352785,21.096921096921108,66.78381962864722
82.59308520936428,43.73867360709466,17.406914790635724,56.26132639290534
79.92745292984527,45.324675324675326,20.072547070154727,54.675324675324674
77.62445887445888,36.71568627450981,22.37554112554112,63.28431372549019
80.09267048740733,52.332937782121085,19.907329512592668,47.667062217878915
74.04546522556392,61.26860119047619,25.954534774436084,38.73139880952381
89.95535714285714,50.66964285714286,10.044642857142861,49.33035714285714
86.65501165501165,38.5320597277119,13.344988344988352,61.4679402722881
89.24337916984976,42.26301783659378,10.75662083015024,57.73698216340622
78.2087323913784,42.361524470899475,21.791267608621595,57.638475529100525
95.47902494331065,38.171768707483,4.520975056689352,61.828231292517
93.24404761904762,29.523809523809526,6.75595238095238,70.47619047619048
80.73551125876708,39.851529802280275,19.264488741232924,60.148470197719725
87.37165178571428,33.55902777777778,12.628348214285722,66.44097222222223
81.7063492063492,39.1421568627451,18.293650793650798,60.8578431372549
69.25191889105281,43.92291864514087,30.74808110894719,56.07708135485913
95.12108262108262,33.76543209876544,4.878917378917379,66.23456790123456
76.25,58.46153846153846,23.75,41.53846153846154
75.0719246031746,51.94592988710636,24.928075396825406,48.05407011289364
81.28565333619753,40.97146188348471,18.714346663802473,59.02853811651529
84.6630658436214,41.96532577234331,15.336934156378604,58.03467422765669
87.44047619047618,49.107142857142854,12.559523809523824,50.892857142857146
76.38008373205741,42.72713523620964,23.619916267942585,57.27286476379036
90.29761904761905,45.76673326673326,9.702380952380949,54.23326673326674
82.3188485920684,28.629396202925616,17.681151407931594,71.37060379707438
80.0140056022409,49.3780713277867,19.9859943977591,50.6219286722133
81.29411764705883,46.92307692307692,18.705882352941174,53.07692307692308
88.16592261904762,32.477782634032636,11.83407738095238,67.52221736596736
81.13636363636364,51.88492063492063,18.86363636363636,48.11507936507937
79.34919760980077,47.567061349956084,20.65080239019923,52.432938650043916
76.30594811394728,42.24013076218959,23.69405188605272,57.75986923781041
76.3524474189897,25.0,23.647552581010302,75.0
97.22222222222223,36.25,2.7777777777777715,63.75
84.31509992367762,42.21976214574899,15.684900076322378,57.78023785425101
82.67270728364196,22.184259424370985,17.327292716358045,77.81574057562901
79.64646464646465,51.13636363636363,20.35353535353535,48.86363636363637
87.27917652849254,34.46323979368826,12.720823471507458,65.53676020631174
96.95578231292517,31.547619047619047,3.044217687074834,68.45238095238095
66.66666666666666,33.333333333333336,33.33333333333334,66.66666666666666
100.0,25.0,0.0,75.0
90.625,25.0,9.375,75.0
65.78947368421053,46.75324675324675,34.210526315789465,53.24675324675325
100.0,25.0,0.0,75.0
56.4516129032258,49.16666666666666,43.5483870967742,50.83333333333334
75.0,70.0,25.0,30.0
18.75,75.0,81.25,25.0
25.0,100.0,75.0,0.0
100.0,50.0,0.0,50.0
43.359375,69.06779661016948,56.640625,30.93220338983052
39.285714285714285,96.42857142857144,60.714285714285715,3.571428571428555
12.5,100.0,87.5,0.0
75.0,25.0,25.0,75.0
20.0,95.0,80.0,5.0
25.973860154146156,68.76751048262676,74.02613984585385,31.23248951737324
75.0,75.0,25.0,25.0
51.92307692307693,57.692307692307686,48.07692307692307,42.307692307692314
62.5,54.16666666666666,37.5,45.83333333333334
41.66666666666667,91.66666666666669,58.33333333333333,8.333333333333314
16.666666666666668,75.0,83.33333333333333,25.0
100.0,75.0,0.0,25.0
0.0,100.0,100.0,0.0
37.5,100.0,62.5,0.0
75.0,25.0,25.0,75.0
33.333333333333336,98.07692307692308,66.66666666666666,1.9230769230769198
43.772893772893774,73.80952380952381,56.227106227106226,26.19047619047619
50.0,75.0,50.0,25.0
